300047513 | 383203982
300310300 | 542440753
300022356 | 632871139
300045375 | 657195258
29533 | 836246214
45572 | 886280602
300040462 | 893541833
29531 | 989514109
300046592 | 1019425518
300015407 | 1033044597
10176 | 1234567910
111114_black | 1234567911
115061_silver_mirror | 1234567912
115117_green_bronze_mirror | 1234567913
115118_brown | 1234567914
115195_shocking_pink | 1234567915
118514_gray | 1234567916
13105 | 1234567917
13106 | 1234567918
135304_neutral | 1234567919
21618_- | 1234567920
29532 | 1234567921
300005449 | 1234567923
300013358 | 1234567924
300020294 | 1234567926
300020465 | 1234567927
300020466 | 1234567928
300022348 | 1234567929
300022349 | 1234567930
300022352 | 1234567931
300024964 | 1234567933
300026672 | 1234567934
300026673 | 1234567935
300026674 | 1234567936
300026675 | 1234567937
300026676 | 1234567938
300026677 | 1234567939
300026678 | 1234567940
300026682 | 1234567941
300026688 | 1234567942
300026689 | 1234567943
300026690 | 1234567944
300028090 | 1234567945
300029866 | 1234567946
300036392 | 1234567947
300036393 | 1234567948
300036394 | 1234567949
300040585 | 1234567951
300044323 | 1234567952
300044596 | 1234567953
300044599 | 1234567954
300044600 | 1234567955
300044601 | 1234567956
300044617 | 1234567957
300044623 | 1234567958
300044624 | 1234567959
300046028 | 1234567961
300046029 | 1234567962
300046030 | 1234567963
300046031 | 1234567964
300046032 | 1234567965
300046033 | 1234567966
300046035 | 1234567967
300046036 | 1234567968
300046037 | 1234567969
300046038 | 1234567970
300046039 | 1234567971
300046043 | 1234567972
300046522 | 1234567973
300046587 | 1234567974
300047195 | 1234567976
300047196 | 1234567977
300047199 | 1234567978
300047289 | 1234567979
300047436 | 1234567980
300050252 | 1234567982
300050253 | 1234567983
300050254 | 1234567984
300050255 | 1234567985
300050256 | 1234567986
300050257 | 1234567987
300050258 | 1234567988
300051511 | 1234567989
300052678 | 1234567990
300060389 | 1234567991
300060401 | 1234567992
300062456 | 1234567993
300062466 | 1234567994
300065500 | 1234567995
300065501 | 1234567996
300066928 | 1234567997
300067366 | 1234567998
300067367 | 1234567999
300067368 | 1234568000
300067369 | 1234568001
300067371 | 1234568002
300067372 | 1234568003
300067374 | 1234568004
300067375 | 1234568005
300067376 | 1234568006
300067377 | 1234568007
300068437 | 1234568008
300076093 | 1234568009
300076094 | 1234568010
300076932 | 1234568011
300076933 | 1234568012
300076934 | 1234568013
300076935 | 1234568014
300076936 | 1234568015
300079332 | 1234568016
300122650 | 1234568017
300147490 | 1234568018
300147493 | 1234568019
300147503 | 1234568020
300147505 | 1234568021
300147511 | 1234568022
300147512 | 1234568023
300147513 | 1234568024
300150177 | 1234568025
300192012 | 1234568026
300202725 | 1234568027
300310070 | 1234568028
300310086 | 1234568029
300310163 | 1234568030
300310180 | 1234568031
300313710 | 1234568033
300313718 | 1234568034
300313722 | 1234568035
300313726 | 1234568036
300313727 | 1234568037
300313729 | 1234568038
300321070 | 1234568039
300321391 | 1234568040
300321401 | 1234568041
300383695 | 1234568042
300383696 | 1234568043
300385272 | 1234568044
300385273 | 1234568045
300388629 | 1234568046
300389093 | 1234568047
300389094 | 1234568048
300389095 | 1234568049
300389096 | 1234568050
300389276 | 1234568051
300389279 | 1234568052
300389772 | 1234568053
300389773 | 1234568054
300389774 | 1234568055
300389777 | 1234568056
300389778 | 1234568057
300389779 | 1234568058
300392196 | 1234568059
300392200 | 1234568060
300393425 | 1234568061
300395982 | 1234568062
300395983 | 1234568063
300395984 | 1234568064
300395985 | 1234568065
300396667 | 1234568066
300398337 | 1234568067
300398341 | 1234568068
300398342 | 1234568069
300398347 | 1234568070
300398348 | 1234568071
300398350 | 1234568072
300398365 | 1234568073
300398366 | 1234568074
300398368 | 1234568075
300398572 | 1234568076
300398573 | 1234568077
300398577 | 1234568078
300398578 | 1234568079
300398581 | 1234568080
300398587 | 1234568081
300398588 | 1234568082
300398591 | 1234568083
300398592 | 1234568084
300398593 | 1234568085
300398595 | 1234568086
300398794 | 1234568087
300398801 | 1234568088
300399418 | 1234568089
300399419 | 1234568090
300399420 | 1234568091
300399421 | 1234568092
300399428 | 1234568093
300399429 | 1234568094
300399588 | 1234568095
300399589 | 1234568096
300399590 | 1234568097
300399596 | 1234568098
300399600 | 1234568099
300399601 | 1234568100
300399602 | 1234568101
300399603 | 1234568102
300399821 | 1234568103
300399822 | 1234568104
300399823 | 1234568105
300399824 | 1234568106
300399834 | 1234568107
300399859 | 1234568108
300399865 | 1234568109
300399877 | 1234568110
300399883 | 1234568111
300399886 | 1234568112
300402727 | 1234568113
300402732 | 1234568114
300402743 | 1234568115
300402745 | 1234568116
300402746 | 1234568117
300402767 | 1234568118
300402768 | 1234568119
300404090 | 1234568120
300404092 | 1234568121
300405281 | 1234568122
300405673 | 1234568123
300409038 | 1234568124
300409039 | 1234568125
300409040 | 1234568126
300409041 | 1234568127
300409062 | 1234568128
300409065 | 1234568129
300409066 | 1234568130
300409067 | 1234568131
300409068 | 1234568132
300409069 | 1234568133
300410252 | 1234568134
300410253 | 1234568135
300410258 | 1234568136
300410400 | 1234568137
300410407 | 1234568138
300410409 | 1234568139
300410410 | 1234568140
300410412 | 1234568141
300410415 | 1234568142
300410422 | 1234568143
300410520 | 1234568144
300410523 | 1234568145
300410529 | 1234568146
300410535 | 1234568147
300410538 | 1234568148
300410542 | 1234568149
300410962 | 1234568150
300410966 | 1234568151
300410974 | 1234568152
300410976 | 1234568153
300410977 | 1234568154
300410980 | 1234568155
300412012 | 1234568156
300412016 | 1234568157
300412017 | 1234568158
300412018 | 1234568159
300412019 | 1234568160
300412020 | 1234568161
300412021 | 1234568162
300412033 | 1234568163
300412034 | 1234568164
300412190 | 1234568165
300412192 | 1234568166
300412202 | 1234568167
300412203 | 1234568168
300412209 | 1234568169
300412210 | 1234568170
300412211 | 1234568171
300412214 | 1234568172
300412215 | 1234568173
300412216 | 1234568174
300412221 | 1234568175
300412377 | 1234568176
300412378 | 1234568177
300412379 | 1234568178
300412380 | 1234568179
300412383 | 1234568180
300412384 | 1234568181
300412386 | 1234568182
300412387 | 1234568183
300412392 | 1234568184
300412395 | 1234568185
300412396 | 1234568186
300412397 | 1234568187
300412398 | 1234568188
300412399 | 1234568189
300412400 | 1234568190
300412401 | 1234568191
300412402 | 1234568192
300412403 | 1234568193
300412404 | 1234568194
300412405 | 1234568195
300412407 | 1234568196
300412408 | 1234568197
300412409 | 1234568198
300412411 | 1234568199
300412412 | 1234568200
300412415 | 1234568201
300412416 | 1234568202
300412417 | 1234568203
300412418 | 1234568204
300412419 | 1234568205
300412420 | 1234568206
300412421 | 1234568207
300412424 | 1234568208
300412425 | 1234568209
300412426 | 1234568210
300412427 | 1234568211
300412429 | 1234568212
300412431 | 1234568213
300412432 | 1234568214
300412433 | 1234568215
300412434 | 1234568216
300412435 | 1234568217
300412437 | 1234568218
300412438 | 1234568219
300412439 | 1234568220
300412444 | 1234568221
300412449 | 1234568222
300412450 | 1234568223
300412451 | 1234568224
300412453 | 1234568225
300412455 | 1234568226
300412457 | 1234568227
300412508 | 1234568228
300412518 | 1234568229
300412612 | 1234568230
300412615 | 1234568231
300412628 | 1234568232
300412632 | 1234568233
300412635 | 1234568234
300412637 | 1234568235
300412813 | 1234568236
300412816 | 1234568237
300412818 | 1234568238
300412823 | 1234568239
300412824 | 1234568240
300412826 | 1234568241
300412827 | 1234568242
300412828 | 1234568243
300412829 | 1234568244
300412830 | 1234568245
300412831 | 1234568246
300412834 | 1234568247
300412836 | 1234568248
300412839 | 1234568249
300412843 | 1234568250
300412848 | 1234568251
300413124 | 1234568252
300413127 | 1234568253
300413132 | 1234568254
300413138 | 1234568255
300413139 | 1234568256
300413142 | 1234568257
300413144 | 1234568258
300413151 | 1234568259
300413162 | 1234568260
300413163 | 1234568261
300413166 | 1234568262
300413170 | 1234568263
300413175 | 1234568264
300413180 | 1234568265
300413181 | 1234568266
300413728 | 1234568267
300413732 | 1234568268
300413733 | 1234568269
300413735 | 1234568270
300413737 | 1234568271
300413738 | 1234568272
300413740 | 1234568273
300413745 | 1234568274
300413748 | 1234568275
300413751 | 1234568276
300413752 | 1234568277
300413753 | 1234568278
300413754 | 1234568279
300413756 | 1234568280
300413759 | 1234568281
300413785 | 1234568282
300413797 | 1234568283
300413807 | 1234568284
300413810 | 1234568285
300413811 | 1234568286
300413812 | 1234568287
300413975 | 1234568288
300413982 | 1234568289
300413987 | 1234568290
300413988 | 1234568291
300413992 | 1234568292
300413994 | 1234568293
300413997 | 1234568294
300414001 | 1234568295
300414005 | 1234568296
300414006 | 1234568297
300414011 | 1234568298
300414015 | 1234568299
300414022 | 1234568300
300414025 | 1234568301
300414030 | 1234568302
300414032 | 1234568303
300414538 | 1234568304
300414539 | 1234568305
300414540 | 1234568306
300414541 | 1234568307
300414545 | 1234568308
300414551 | 1234568309
300414553 | 1234568310
300414555 | 1234568311
300414556 | 1234568312
300414561 | 1234568313
300414562 | 1234568314
300414563 | 1234568315
300414564 | 1234568316
300414566 | 1234568317
300415611 | 1234568318
300415612 | 1234568319
300415613 | 1234568320
300415708 | 1234568321
300415709 | 1234568322
300415710 | 1234568323
300415711 | 1234568324
300415712 | 1234568325
300415713 | 1234568326
300415714 | 1234568327
300415715 | 1234568328
300415716 | 1234568329
300415737 | 1234568330
300415739 | 1234568331
300415740 | 1234568332
300416127 | 1234568333
300416129 | 1234568334
300416139 | 1234568335
300416140 | 1234568336
300417104 | 1234568337
300417105 | 1234568338
300417110 | 1234568339
300417113 | 1234568340
300417114 | 1234568341
300417115 | 1234568342
300417116 | 1234568343
300417310 | 1234568344
300417321 | 1234568345
300417324 | 1234568346
300423278 | 1234568347
300423279 | 1234568348
300423281 | 1234568349
300423282 | 1234568350
300423284 | 1234568351
300423285 | 1234568352
300423286 | 1234568353
300423287 | 1234568354
300423288 | 1234568355
300423381 | 1234568356
300423382 | 1234568357
300423385 | 1234568358
300423386 | 1234568359
300423387 | 1234568360
300423388 | 1234568361
300423664 | 1234568362
300423665 | 1234568363
300423718 | 1234568364
300423720 | 1234568365
300427202 | 1234568366
300427203 | 1234568367
300427204 | 1234568368
300427205 | 1234568369
300427236 | 1234568370
300427237 | 1234568371
300427238 | 1234568372
300427239 | 1234568373
300427240 | 1234568374
300427241 | 1234568375
300427243 | 1234568376
300427245 | 1234568377
300427249 | 1234568378
300427729 | 1234568379
300427730 | 1234568380
300427731 | 1234568381
300427732 | 1234568382
300427734 | 1234568383
300427735 | 1234568384
300427739 | 1234568385
300427741 | 1234568386
300427743 | 1234568387
300427744 | 1234568388
300427747 | 1234568389
300428250 | 1234568390
300428251 | 1234568391
300428252 | 1234568392
300428253 | 1234568393
300428254 | 1234568394
300428255 | 1234568395
300428256 | 1234568396
300438055 | 1234568397
300438056 | 1234568398
300438057 | 1234568399
300438059 | 1234568400
300438060 | 1234568401
300438061 | 1234568402
300438062 | 1234568403
300438085 | 1234568404
300438086 | 1234568405
300438151 | 1234568406
300438214 | 1234568407
300438589 | 1234568408
300438590 | 1234568409
300438592 | 1234568410
300438775 | 1234568411
300438779 | 1234568412
300438780 | 1234568413
300438781 | 1234568414
300438785 | 1234568415
300438786 | 1234568416
300438788 | 1234568417
300438789 | 1234568418
300438790 | 1234568419
300438791 | 1234568420
300438822 | 1234568421
300438823 | 1234568422
300438824 | 1234568423
300438825 | 1234568424
300438826 | 1234568425
300438830 | 1234568426
300439071 | 1234568427
300439074 | 1234568428
300439075 | 1234568429
300441142 | 1234568430
300441239 | 1234568431
300441354 | 1234568432
300441355 | 1234568433
300441357 | 1234568434
300441358 | 1234568435
300441359 | 1234568436
300441360 | 1234568437
300441361 | 1234568438
300441362 | 1234568439
300441363 | 1234568440
300441900 | 1234568441
300441924 | 1234568442
300442964 | 1234568443
300442966 | 1234568444
300442975 | 1234568445
300444080 | 1234568446
300447989 | 1234568447
300452191 | 1234568448
300453356 | 1234568449
300453357 | 1234568450
300453361 | 1234568451
300453363 | 1234568452
300453365 | 1234568453
300453368 | 1234568454
300453369 | 1234568455
300453370 | 1234568456
300453371 | 1234568457
300453372 | 1234568458
300453373 | 1234568459
300453374 | 1234568460
300453375 | 1234568461
300453377 | 1234568462
300453378 | 1234568463
300453379 | 1234568464
300453380 | 1234568465
300453384 | 1234568466
300453385 | 1234568467
300453386 | 1234568468
300453387 | 1234568469
300453388 | 1234568470
300453389 | 1234568471
300453390 | 1234568472
300453391 | 1234568473
300453392 | 1234568474
300453393 | 1234568475
300453394 | 1234568476
300453395 | 1234568477
300453396 | 1234568478
300453397 | 1234568479
300453398 | 1234568480
300453455 | 1234568481
300453457 | 1234568482
300458967 | 1234568483
300458968 | 1234568484
300458969 | 1234568485
300458977 | 1234568486
300459466 | 1234568487
300459760 | 1234568488
300459761 | 1234568489
300459762 | 1234568490
300459763 | 1234568491
300459766 | 1234568492
300459767 | 1234568493
300459769 | 1234568494
300459772 | 1234568495
300459773 | 1234568496
300459774 | 1234568497
300460184 | 1234568498
300460185 | 1234568499
300460187 | 1234568500
300460373 | 1234568501
300460374 | 1234568502
300460375 | 1234568503
300464995 | 1234568504
300464996 | 1234568505
300465914 | 1234568506
300466076 | 1234568507
300466077 | 1234568508
300466677 | 1234568509
300466678 | 1234568510
300466679 | 1234568511
300466680 | 1234568512
300466681 | 1234568513
300466682 | 1234568514
300466683 | 1234568515
300466684 | 1234568516
300466685 | 1234568517
300467248 | 1234568518
300467249 | 1234568519
300476944 | 1234568520
300476945 | 1234568521
300476946 | 1234568522
300476947 | 1234568523
300476951 | 1234568524
300476952 | 1234568525
300476953 | 1234568526
300476954 | 1234568527
300476955 | 1234568528
300476956 | 1234568529
300491715 | 1234568530
300491716 | 1234568531
300494174 | 1234568532
300494175 | 1234568533
300495175 | 1234568534
300495178 | 1234568535
300495181 | 1234568536
300515172 | 1234568537
300515235 | 1234568538
300515779 | 1234568539
300515780 | 1234568540
300552791 | 1234568541
300555911 | 1234568542
300558997 | 1234568543
300558998 | 1234568544
300558999 | 1234568545
300562200 | 1234568546
300564006 | 1234568547
300564007 | 1234568548
300564385 | 1234568549
300564390 | 1234568550
300564391 | 1234568551
300564392 | 1234568552
300564393 | 1234568553
300564394 | 1234568554
300564395 | 1234568555
300564864 | 1234568556
300568072 | 1234568557
300568569 | 1234568558
300589206 | 1234568559
300604611 | 1234568560
300604612 | 1234568561
300604613 | 1234568562
300604614 | 1234568563
300604615 | 1234568564
300604622 | 1234568565
300604623 | 1234568566
300604624 | 1234568567
300604625 | 1234568568
300604626 | 1234568569
300604627 | 1234568570
300604640 | 1234568571
300604641 | 1234568572
300604642 | 1234568573
300604643 | 1234568574
300604644 | 1234568575
300604645 | 1234568576
300604648 | 1234568577
300604649 | 1234568578
300604650 | 1234568579
300604896 | 1234568580
300604897 | 1234568581
300604898 | 1234568582
300604899 | 1234568583
300604900 | 1234568584
300605282 | 1234568585
300605283 | 1234568586
300605284 | 1234568587
300605285 | 1234568588
300605286 | 1234568589
300605287 | 1234568590
300605288 | 1234568591
300605289 | 1234568592
300605290 | 1234568593
300605291 | 1234568594
300605292 | 1234568595
300605293 | 1234568596
300605294 | 1234568597
300605295 | 1234568598
300605296 | 1234568599
300605297 | 1234568600
300605298 | 1234568601
300605299 | 1234568602
300605300 | 1234568603
300605301 | 1234568604
300605302 | 1234568605
300605303 | 1234568606
300605305 | 1234568607
300605306 | 1234568608
300605307 | 1234568609
300605308 | 1234568610
300605309 | 1234568611
300605310 | 1234568612
300605311 | 1234568613
300605312 | 1234568614
300605313 | 1234568615
300605314 | 1234568616
300605317 | 1234568617
300605318 | 1234568618
300605319 | 1234568619
300605320 | 1234568620
300605321 | 1234568621
300605322 | 1234568622
300605323 | 1234568623
300605324 | 1234568624
300605325 | 1234568625
300605326 | 1234568626
300605328 | 1234568627
300605329 | 1234568628
300605330 | 1234568629
300605332 | 1234568630
300605334 | 1234568631
300606759 | 1234568632
300606760 | 1234568633
300606761 | 1234568634
300606763 | 1234568635
300606765 | 1234568636
300606766 | 1234568637
300606783 | 1234568638
300606784 | 1234568639
300606785 | 1234568640
300606787 | 1234568641
300606789 | 1234568642
300606904 | 1234568643
300606905 | 1234568644
300606907 | 1234568645
300606908 | 1234568646
300606910 | 1234568647
300607488 | 1234568648
300607489 | 1234568649
300607490 | 1234568650
300607491 | 1234568651
300607492 | 1234568652
300608126 | 1234568653
300608207 | 1234568654
300608208 | 1234568655
300608209 | 1234568656
300608277 | 1234568657
300608278 | 1234568658
300608306 | 1234568659
300608307 | 1234568660
300608308 | 1234568661
300608309 | 1234568662
300608386 | 1234568663
300608387 | 1234568664
300608388 | 1234568665
300608389 | 1234568666
300608390 | 1234568667
300608391 | 1234568668
300608392 | 1234568669
300608393 | 1234568670
300608395 | 1234568671
300608396 | 1234568672
300608397 | 1234568673
300608398 | 1234568674
300608400 | 1234568675
300608401 | 1234568676
300608402 | 1234568677
300608403 | 1234568678
300608405 | 1234568679
300608425 | 1234568680
300608426 | 1234568681
300608427 | 1234568682
300608428 | 1234568683
300610758 | 1234568684
300610759 | 1234568685
300610760 | 1234568686
300610761 | 1234568687
300610762 | 1234568688
300610763 | 1234568689
300610764 | 1234568690
300610765 | 1234568691
300610766 | 1234568692
300610767 | 1234568693
300610768 | 1234568694
300610769 | 1234568695
300610919 | 1234568696
300610920 | 1234568697
300610921 | 1234568698
300610922 | 1234568699
300610923 | 1234568700
300610924 | 1234568701
300610925 | 1234568702
300610926 | 1234568703
300611156 | 1234568704
300611184 | 1234568705
300611185 | 1234568706
300611186 | 1234568707
300611187 | 1234568708
300611188 | 1234568709
300611189 | 1234568710
300611196 | 1234568711
300611197 | 1234568712
300611198 | 1234568713
300611199 | 1234568714
300611200 | 1234568715
300611201 | 1234568716
300611202 | 1234568717
300611203 | 1234568718
300611204 | 1234568719
300611205 | 1234568720
300611206 | 1234568721
300611207 | 1234568722
300611663 | 1234568723
300611664 | 1234568724
300611665 | 1234568725
300611666 | 1234568726
300611667 | 1234568727
300611800 | 1234568728
300611801 | 1234568729
300611802 | 1234568730
300611803 | 1234568731
300611880 | 1234568732
300611881 | 1234568733
300611884 | 1234568734
300611885 | 1234568735
300612775 | 1234568736
300613161 | 1234568737
300613162 | 1234568738
300613163 | 1234568739
300613164 | 1234568740
300613165 | 1234568741
300613166 | 1234568742
300613167 | 1234568743
300613168 | 1234568744
300613169 | 1234568745
300613170 | 1234568746
300613171 | 1234568747
300613172 | 1234568748
300613173 | 1234568749
300613174 | 1234568750
300613175 | 1234568751
300613176 | 1234568752
300613249 | 1234568753
300613250 | 1234568754
300613251 | 1234568755
300613252 | 1234568756
300613253 | 1234568757
300613254 | 1234568758
300613255 | 1234568759
300613257 | 1234568760
300613258 | 1234568761
300613259 | 1234568762
300613260 | 1234568763
300613261 | 1234568764
300613262 | 1234568765
300613263 | 1234568766
300613264 | 1234568767
300613265 | 1234568768
300613266 | 1234568769
300613267 | 1234568770
300613268 | 1234568771
300613269 | 1234568772
300613270 | 1234568773
300613271 | 1234568774
300613272 | 1234568775
300613329 | 1234568776
300613330 | 1234568777
300613331 | 1234568778
300613332 | 1234568779
300613333 | 1234568780
300613334 | 1234568781
300613335 | 1234568782
300613336 | 1234568783
300613369 | 1234568784
300613370 | 1234568785
300613371 | 1234568786
300613372 | 1234568787
300613490 | 1234568788
300613491 | 1234568789
300613583 | 1234568790
300613584 | 1234568791
300613585 | 1234568792
300613586 | 1234568793
300613615 | 1234568794
300613616 | 1234568795
300613617 | 1234568796
300613618 | 1234568797
300613620 | 1234568798
300613655 | 1234568799
300613656 | 1234568800
300613657 | 1234568801
300613658 | 1234568802
300613659 | 1234568803
300613661 | 1234568804
300613662 | 1234568805
300613667 | 1234568806
300613668 | 1234568807
300613669 | 1234568808
300613670 | 1234568809
300613799 | 1234568810
300613800 | 1234568811
300613801 | 1234568812
300613802 | 1234568813
300613859 | 1234568814
300613861 | 1234568815
300614710 | 1234568816
300614711 | 1234568817
300614712 | 1234568818
300614713 | 1234568819
300614877 | 1234568820
300614878 | 1234568821
300614879 | 1234568822
300614880 | 1234568823
300614881 | 1234568824
300614882 | 1234568825
300615118 | 1234568826
300615119 | 1234568827
300615120 | 1234568828
300615121 | 1234568829
300615122 | 1234568830
300615225 | 1234568831
300615226 | 1234568832
300615227 | 1234568833
300615228 | 1234568834
300615229 | 1234568835
300615230 | 1234568836
300615231 | 1234568837
300615232 | 1234568838
300615286 | 1234568839
300615287 | 1234568840
300615288 | 1234568841
300615289 | 1234568842
300615290 | 1234568843
300617125 | 1234568844
300617126 | 1234568845
300617127 | 1234568846
300617128 | 1234568847
300617129 | 1234568848
300617130 | 1234568849
300617131 | 1234568850
300617132 | 1234568851
300617317 | 1234568852
300617318 | 1234568853
300617319 | 1234568854
300617320 | 1234568855
300617321 | 1234568856
300617324 | 1234568857
300617325 | 1234568858
300617326 | 1234568859
300617328 | 1234568860
300617329 | 1234568861
300617330 | 1234568862
300617331 | 1234568863
300617559 | 1234568864
300618093 | 1234568865
300618094 | 1234568866
300618095 | 1234568867
300618505 | 1234568868
300618506 | 1234568869
300618507 | 1234568870
300619188 | 1234568871
300639540 | 1234568872
300639541 | 1234568873
300649633 | 1234568874
300649636 | 1234568875
300649655 | 1234568876
300650114 | 1234568877
300659388 | 1234568878
300660287 | 1234568879
300660313 | 1234568880
300660315 | 1234568881
300660325 | 1234568882
300660327 | 1234568883
300660329 | 1234568884
300671343 | 1234568885
300673824 | 1234568886
300678847 | 1234568887
300678848 | 1234568888
300678849 | 1234568889
300678850 | 1234568890
300678851 | 1234568891
300678852 | 1234568892
300678853 | 1234568893
300678854 | 1234568894
300678855 | 1234568895
300678856 | 1234568896
300689173 | 1234568897
300689175 | 1234568898
300689176 | 1234568899
300691216 | 1234568900
300692819 | 1234568901
300717313 | 1234568902
300717314 | 1234568903
300717315 | 1234568904
300717423 | 1234568905
300717424 | 1234568906
300717425 | 1234568907
300717426 | 1234568908
300717427 | 1234568909
300717428 | 1234568910
300717429 | 1234568911
300717430 | 1234568912
300717432 | 1234568913
300717433 | 1234568914
300717434 | 1234568915
300717435 | 1234568916
300717437 | 1234568917
300717439 | 1234568918
300717440 | 1234568919
300717443 | 1234568920
300717444 | 1234568921
300717445 | 1234568922
300720119 | 1234568923
300720120 | 1234568924
300720121 | 1234568925
300720122 | 1234568926
300720123 | 1234568927
300720124 | 1234568928
300720126 | 1234568929
300720127 | 1234568930
300720128 | 1234568931
300720129 | 1234568932
300720130 | 1234568933
300736128 | 1234568934
300736133 | 1234568935
300737264 | 1234568936
300737268 | 1234568937
300737269 | 1234568938
300737270 | 1234568939
300737272 | 1234568940
300737273 | 1234568941
300737280 | 1234568942
300737281 | 1234568943
300737283 | 1234568944
300737288 | 1234568945
300737289 | 1234568946
300737290 | 1234568947
300737291 | 1234568948
300737292 | 1234568949
300737295 | 1234568950
300737411 | 1234568951
300737414 | 1234568952
300737415 | 1234568953
300737417 | 1234568954
300737419 | 1234568955
300737425 | 1234568956
300737427 | 1234568957
300737429 | 1234568958
300737430 | 1234568959
300737504 | 1234568960
300737506 | 1234568961
300737511 | 1234568962
300737512 | 1234568963
300737513 | 1234568964
300737514 | 1234568965
300737515 | 1234568966
300737578 | 1234568967
300737579 | 1234568968
300737580 | 1234568969
300737581 | 1234568970
300737584 | 1234568971
300737941 | 1234568972
300737942 | 1234568973
300737943 | 1234568974
300737944 | 1234568975
300737945 | 1234568976
300737950 | 1234568977
300737967 | 1234568978
300737971 | 1234568979
300737975 | 1234568980
300737976 | 1234568981
300737977 | 1234568982
300737978 | 1234568983
300737979 | 1234568984
300737980 | 1234568985
300737981 | 1234568986
300738114 | 1234568987
300738116 | 1234568988
300738117 | 1234568989
300738118 | 1234568990
300738120 | 1234568991
300738121 | 1234568992
300738122 | 1234568993
300738132 | 1234568994
300738133 | 1234568995
300738136 | 1234568996
300738137 | 1234568997
300738138 | 1234568998
300738142 | 1234568999
300738144 | 1234569000
300738145 | 1234569001
300738146 | 1234569002
300738148 | 1234569003
300738159 | 1234569004
300738203 | 1234569005
300738204 | 1234569006
300738205 | 1234569007
300738206 | 1234569008
300738207 | 1234569009
300738208 | 1234569010
300738285 | 1234569011
300738290 | 1234569012
300738291 | 1234569013
300738292 | 1234569014
300738293 | 1234569015
300738297 | 1234569016
300738298 | 1234569017
300738304 | 1234569018
300742510 | 1234569019
300742511 | 1234569020
300742512 | 1234569021
300742513 | 1234569022
300742514 | 1234569023
300742515 | 1234569024
300742516 | 1234569025
300742517 | 1234569026
300742518 | 1234569027
300742519 | 1234569028
300742605 | 1234569029
300742606 | 1234569030
300742607 | 1234569031
300742608 | 1234569032
300742609 | 1234569033
300742610 | 1234569034
300742611 | 1234569035
300742612 | 1234569036
300742613 | 1234569037
300742614 | 1234569038
300742616 | 1234569039
300742619 | 1234569040
300742878 | 1234569041
300742879 | 1234569042
300742880 | 1234569043
300742881 | 1234569044
300742882 | 1234569045
300742883 | 1234569046
300742884 | 1234569047
300742885 | 1234569048
300742886 | 1234569049
300742887 | 1234569050
300742888 | 1234569051
300742889 | 1234569052
300742890 | 1234569053
300742891 | 1234569054
300742892 | 1234569055
300752454 | 1234569056
300753484 | 1234569057
300755976 | 1234569058
300755977 | 1234569059
300756150 | 1234569060
300756151 | 1234569061
300756152 | 1234569062
300756153 | 1234569063
300756154 | 1234569064
300756155 | 1234569065
300756156 | 1234569066
300756252 | 1234569067
300760752 | 1234569068
300760753 | 1234569069
300760754 | 1234569070
300760755 | 1234569071
300772559 | 1234569072
300772560 | 1234569073
300772561 | 1234569074
300772562 | 1234569075
300784663 | 1234569076
300784666 | 1234569077
300784667 | 1234569078
300784668 | 1234569079
300784670 | 1234569080
300784672 | 1234569081
300784676 | 1234569082
300784677 | 1234569083
300784679 | 1234569084
300784681 | 1234569085
300784682 | 1234569086
300784684 | 1234569087
300784685 | 1234569088
300784686 | 1234569089
300784688 | 1234569090
300784690 | 1234569091
300784691 | 1234569092
300784793 | 1234569093
300784794 | 1234569094
300784795 | 1234569095
300784797 | 1234569096
300784799 | 1234569097
300784801 | 1234569098
300785802 | 1234569099
300785814 | 1234569100
300785815 | 1234569101
300785913 | 1234569102
300785914 | 1234569103
300785915 | 1234569104
300785916 | 1234569105
300786274 | 1234569106
300786275 | 1234569107
300786276 | 1234569108
300786277 | 1234569109
300786355 | 1234569110
300786356 | 1234569111
300786357 | 1234569112
300786360 | 1234569113
300786361 | 1234569114
300786362 | 1234569115
300786363 | 1234569116
300786366 | 1234569117
300786367 | 1234569118
300786368 | 1234569119
300786369 | 1234569120
300791704 | 1234569121
300791705 | 1234569122
300791706 | 1234569123
300791707 | 1234569124
300791708 | 1234569125
300791709 | 1234569126
300791711 | 1234569127
300791722 | 1234569128
300791723 | 1234569129
300843064 | 1234569130
30404 | 1234569131
35099 | 1234569132
35100 | 1234569133
35101 | 1234569134
35102 | 1234569135
35104 | 1234569136
35105 | 1234569137
35106 | 1234569138
35135 | 1234569139
45573 | 1234569141
45574 | 1234569142
45576 | 1234569143
45577 | 1234569144
56802_dark_wood | 1234569145
64389_black+white_marble | 1234569146
74036_red | 1234569147
74818_sky_blue | 1234569148
74825_gunship | 1234569149
74844_purple+pink+goldenrad | 1234569150
92905_brown_w+bronze_flash | 1234569151
94063_matte_black+gold | 1234569152
96502_dark_smoke | 1234569153
9810 | 1234569154
M18729 | 1234569155
M18729_B | 1234569156
M25687 | 1234569157
M25687_B | 1234569158
M25687_W | 1234569159
M27160 | 1234569160
M27160_B | 1234569161
M28323 | 1234569162
M28323_B | 1234569163
M28324 | 1234569164
M28324_B | 1234569165
M32946 | 1234569166
M32946_B | 1234569167
M33307 | 1234569168
M33307_B | 1234569169
M33477 | 1234569170
M33477_B | 1234569171
M34130 | 1234569172
M34130_B | 1234569173
M34704 | 1234569174
M34704_B | 1234569175
M34704_P | 1234569176
M34704_R | 1234569177
M34704_W | 1234569178
M34705_B | 1234569179
M34705_N | 1234569180
M34705_W | 1234569181
M35364 | 1234569182
M35364_R | 1234569183
M35365_G | 1234569184
M35366_B | 1234569185
M35392 | 1234569186
